
MATRIX = [
    [4.405, 0.472, 0.395, 0.253],
    [0.227, 2.957, 0.342, 0.327],
    [0.419, 0.341, 3.238, 0.394],
    [0.325, 0.326, 0.401, 4.273]]

RESULT = [0.623, 0.072, 0.143, 0.065]
SIZE = 4
EPS = 0.01

TEST = [
    [1, 2, 3, 4],
    [0, 5, 6, 7],
    [0, 0, 8, 9],
    [0, 0, 0, 10]
]

TS = [
    [1, 0, 0, 0],
    [2, 5, 0, 0],
    [3, 6, 8, 0],
    [4, 7, 9, 10]
]

TR = [1, 12, 39, 95]

TESTR = [20, 34, 25, 10]
